image_width: 640
image_height: 480
camera_name: camera/rgb
camera_matrix:
  rows: 3
  cols: 3
  data: [539.3236893471685, 0.0, 319.5, 0.0, 539.5952595787621, 239.5, 0.0, 0.0, 1.0]
distortion_model: plumb_bob
distortion_coefficients:
  rows: 1
  cols: 5
  data: [0.0, 0.0, 0.0, 0.0, 0.0]
rectification_matrix:
  rows: 3
  cols: 3
  data: [1, 0, 0, 0, 1, 0, 0, 0, 1]
projection_matrix:
  rows: 3
  cols: 4
  data: [539.3236893471685, 0.0, 319.5, 0.0, 0.0, 539.5952595787621, 239.5, 0.0, 0.0, 0.0, 1.0, 0.0]
